639	6.7244582	0	0	0	0	0	0
640	2.68978328	0	0	0	0	0	0
641	0	0	0	0	0	0	0
642	0	0	0	0	0	0	0
643	0	0	0	0	0	0	0
644	0	0	0	0	0	0	0
645	0	0	0	0	0	0	0
646	0	0	0	0	0	0	0
647	0	0	0	0	0	0	0
648	0	0	0	0	0	0	0
649	0	0	0	0	0	0	0
650	0	0	0	0	0	0	0
651	0	0	0	0	0	0	0
652	6.05201238	0	0	0	0	0	0
653	0	0	0	0	0	0	0
654	0	0	0	0	0	0	0
655	0	0	0	0	0	0	0
656	0	0	0	0	0	0	0
657	0	0	0	0	0	0	0
658	0	0	0	0	0	0	0
659	4.37089783	0	0	0	0	0	0
660	0	0	0	0	0	0	0
661	30.59628483	0	0	0	0	0	0
662	11.09535604	0	0	0	0	0	0
663	20.50959752	0	0	0	0	0	0
664	33.28606811	0	0	0	0	0	0
665	0	0	0	0	0	0	0
666	2.68978328	0	0	0	0	0	0
667	0	0	0	0	0	0	0
668	0	0	0	0	0	0	0
669	0	0	0	0	0	0	0
670	0	0	0	0	0	0	0
671	0	0	0	0	0	0	0
672	1.68111455	0	0	0	0	0	0
673	0	0	0	0	0	0	0
674	0	0	0	0	0	0	0
675	0	0	0	0	0	0	0
676	0	0	0	0	0	0	0
677	0	0	0	0	0	0	0
678	0	0	0	0	0	0	0
679	0	0	0	0	0	0	0
680	0	0	0	0	0	0	0
681	1.00866873	0	0	0	0	0	0
682	1.68111455	0	0	0	0	0	0
683	2.68978328	0	0	0	0	0	0
684	1.68111455	0	0	0	0	0	0
685	0	0	0	0	0	0	0
686	0	0	0	0	0	0	0
687	6.05201238	0	0	0	0	0	0
688	0	0	0	0	0	0	0
689	0	0	0	0	0	0	0
690	1.00866873	0	0	0	0	0	0
691	40.01052632	0	0	0	0	0	0
692	0	0	0	0	0	0	0
693	0	0	0	0	0	0	0
694	6.05201238	0	0	0	0	0	0
695	0	0	0	0	0	0	0
696	6.7244582	0	0	0	0	0	0
697	0	0	0	0	0	0	0
698	0	0	0	0	0	0	0
699	52.11455108	0	0	0	0	0	0
700	7.73312693	0	0	0	0	0	0
701	1.00866873	0	0	0	0	0	0
702	1.00866873	0	0	0	0	0	0
703	0	0	0	0	0	0	0
704	0	0	0	0	0	0	0
705	0	0	0	0	0	0	0
706	6.7244582	0	0	0	0	0	0
707	8.40557276	0	0	0	0	0	0
708	3.3622291	0	0	0	0	0	0
709	1.00866873	0	0	0	0	0	0
710	12.77647059	0	0	0	0	0	0
711	27.23405573	0	0	0	0	0	0
712	0	0	0	0	0	0	0
713	0	0	0	0	0	0	0
714	1.68111455	0	0	0	0	0	0
715	2.68978328	0	0	0	0	0	0
716	0	0	0	0	0	0	0
717	4.37089783	0	0	0	0	0	0
718	0	0	0	0	0	0	0
719	0	0	0	0	0	0	0
720	2.68978328	0	0	0	0	0	0
721	1.68111455	0	0	0	0	0	0
722	0	0	0	0	0	0	0
723	0	0	0	0	0	0	0
724	0	0	0	0	0	0	0
725	0	0	0	0	0	0	0
726	0	0	0	0	0	0	0
727	0	0	0	0	0	0	0
728	0	0	0	0	0	0	0
729	1.00866873	0	0	0	0	0	0
730	12.77647059	0	0	0	0	0	0
731	4.37089783	0	0	0	0	0	0
732	0	0	0	0	0	0	0
733	1.68111455	0	0	0	0	0	0
734	4.37089783	0	0	0	0	0	0
735	0	0	0	0	0	0	0
736	9.41424149	0	0	0	0	0	0
737	1.00866873	0	0	0	0	0	0
738	0	0	0	0	0	0	0
739	1.00866873	0	0	0	0	0	0
740	0	0	0	0	0	0	0
741	6.7244582	0	0	0	0	0	0
742	0	0	0	0	0	0	0
743	1.68111455	0	0	0	0	0	0
744	1.68111455	0	0	0	0	0	0
745	22.19071207	0	0	0	0	0	0
746	0	0	0	0	0	0	0
747	21.51826625	0	0	0	0	0	0
748	15.46625387	0	0	0	0	0	0
749	0	0	0	0	0	0	0
750	1.00866873	0	0	0	0	0	0
751	1.00866873	0	0	0	0	0	0
752	13.78513932	0	0	0	0	0	0
753	0	0	0	0	0	0	0
754	2.68978328	0	0	0	0	0	0
755	0	0	0	0	0	0	0
756	0	0	0	0	0	0	0
757	2.68978328	0	0	0	0	0	0
758	0	0	0	0	0	0	0
759	17.81981424	0	0	0	0	0	0
760	0	0	0	0	0	0	0
761	1.00866873	0	0	0	0	0	0
762	8.40557276	0	0	0	0	0	0
763	40.01052632	0	0	0	0	0	0
764	0	0	0	0	0	0	0
765	0	0	0	0	0	0	0
766	0	0	0	0	0	0	0
767	7.73312693	0	0	0	0	0	0
768	1.00866873	0	0	0	0	0	0
769	1.00866873	0	0	0	0	0	0
770	0	0	0	0	0	0	0
771	0	0	0	0	0	0	0
772	2.68978328	0	0	0	0	0	0
773	3.3622291	0	0	0	0	0	0
774	0	0	0	0	0	0	0
775	4.37089783	0	0	0	0	0	0
776	0	0	0	0	0	0	0
777	0	0	0	0	0	0	0
778	6.7244582	0	0	0	0	0	0
779	0	0	0	0	0	0	0
780	0	0	0	0	0	0	0
781	23.1993808	0	0	0	0	0	0
782	15.46625387	0	0	0	0	0	0
783	0	0	0	0	0	0	0
784	0	0	0	0	0	0	0
785	2.68978328	0	0	0	0	0	0
786	0	0	0	0	0	0	0
787	13.78513932	0	0	0	0	0	0
788	0	0	0	0	0	0	0
789	0	0	0	0	0	0	0
790	0	0	0	0	0	0	0
791	0	0	0	0	0	0	0
792	0	0	0	0	0	0	0
793	15.46625387	0	0	0	0	0	0
794	34.29473684	0	0	0	0	0	0
795	0	0	0	0	0	0	0
796	0	0	0	0	0	0	0
797	1.68111455	0	0	0	0	0	0
798	17.14736842	0	0	0	0	0	0
799	2.68978328	0	0	0	0	0	0
800	0	0	0	0	0	0	0
801	10.08668731	0	0	0	0	0	0
802	0	0	0	0	0	0	0
803	0	0	0	0	0	0	0
804	0	0	0	0	0	0	0
805	0	0	0	0	0	0	0
806	1.00866873	0	0	0	0	0	0
807	0	0	0	0	0	0	0
808	0	0	0	0	0	0	0
809	22.19071207	0	0	0	0	0	0
810	1.68111455	0	0	0	0	0	0
811	22.19071207	0	0	0	0	0	0
812	46.0625387	0	0	0	0	0	0
813	0	0	0	0	0	0	0
814	0	0	0	0	0	0	0
815	0	0	0	0	0	0	0
816	0	0	0	0	0	0	0
817	0	0	0	0	0	0	0
818	0	0	0	0	0	0	0
819	0	0	0	0	0	0	0
820	0	0	0	0	0	0	0
821	0	0	0	0	0	0	0
822	0	0	0	0	0	0	0
823	45.39009288	0	0	0	0	0	0
824	17.81981424	0	0	0	0	0	0
825	0	0	0	0	0	0	0
826	1.00866873	0	0	0	0	0	0
827	0	0	0	0	0	0	0
828	0	0	0	0	0	0	0
829	0	0	0	0	0	0	0
830	90.44396285	0	0	0	0	0	0
831	2.68978328	0	0	0	0	0	0
832	0	0	0	0	0	0	0
833	0	0	0	0	0	0	0
834	0	0	0	0	0	0	0
835	0	0	0	0	0	0	0
836	42.7003096	0	0	0	0	0	0
837	6.05201238	0	0	0	0	0	0
838	0	0	0	0	0	0	0
839	78.67616099	0	0	0	0	0	0
840	6.05201238	0	0	0	0	0	0
841	0	0	0	0	0	0	0
842	5.04334365	0	0	0	0	0	0
843	9.41424149	0	0	0	0	0	0
844	0	0	0	0	0	0	0
845	0	0	0	0	0	0	0
846	89.77151703	0	0	0	0	0	0
847	92.1250774	0	0	0	0	0	0
848	34.96718266	0	0	0	0	0	0
849	0	0	0	0	0	0	0
850	0	0	0	0	0	0	0
851	0	0	0	0	0	0	0
852	0	0	0	0	0	0	0
853	0	0	0	0	0	0	0
854	0	0	0	0	0	0	0
855	5	18.699	10.858	13.568	49.304	20.88	37.483
856	3	16.915	5.847	10.051	89.876	42.6	70.984
857	1	19.627	4.973	10.008	89.338	34.027	69.694
858	0	22.274	0.439	11.418	96.399	23.923	58.869
859	0	21.437	1.099	12.028	86.327	23.643	47.412
860	22	17.296	7.895	11.797	88.41	44.976	66.275
861	25	15.223	8.519	12.149	88.969	48.313	70.716
862	141	31.103	11.053	20.121	89.334	43.1	70.149
863	20	26.72	13.954	18.393	89.136	60.891	79.473
864	26	13.93	8.295	10.027	85.614	84.279	85.066
865	1	14.888	5.024	9.676	86.934	23.386	45.454
866	0	16.606	0.051	7.951	74.893	24.54	46.389
867	0	17.701	0.962	10.515	74.584	38.183	56.179
868	1	16.272	9.903	12.721	85.893	79.042	84.525
869	4	17.748	12.871	14.9	85.732	82.257	83.682
870	0	26.134	12.485	17.686	85.235	44.423	69.836
871	4	25.914	8.817	18.112	87.004	46.024	68.939
872	1	30.697	14.026	21.663	84.641	35.587	65.831
873	22	25.428	13.137	18.658	84.972	53.395	75.704
874	0	20.365	6.331	11.883	86.751	49.746	73.587
875	11	13.161	5.385	8.486	86.242	66.186	81.847
876	3	13.329	4.089	8.087	86.812	67.243	81.269
877	0	20.841	1.48	11.217	87.554	36.116	64.971
878	0	17.772	9.632	12.734	84.839	71.088	80.699
879	2	25.477	10.149	17.34	87.482	49.313	74.455
880	0	30.066	14.266	21.172	83.473	56.345	75.047
881	5	32.458	17.796	24.412	82.481	48.28	68.924
882	1	24.653	10.001	17.875	84.036	31.917	56.929
883	0	21.867	5.076	13.37	84.769	29.629	57.072
884	0	24.219	6.408	16.245	84.867	38.095	63.838
885	0	29.941	14.29	21.825	81.544	37.891	65.689
886	0	28.048	8.817	18.565	84.788	34.912	63.21
887	0	30.596	9.682	20.421	84.107	35.417	61.808
888	0	33.365	15.605	24.517	82.683	42.483	67.047
889	0	31.714	19.222	25.107	83.027	48.427	68.212
890	1	22.489	7.569	14.144	86.195	66.824	81.856
891	9	11.248	5.411	8.871	85.731	81.674	83.578
892	35	15.939	9.04	11.567	86.051	80.222	83.704
893	0	19.056	7.845	12.326	85.789	60.236	78.125
894	0	26.426	6.965	15.428	85.334	32.388	66.077
895	0	26.598	5.719	16.43	84.175	34.343	61.432
896	0	23.28	7.116	16.015	85.123	45.289	67
897	12	20.246	13.81	16.416	83.904	77.995	80.626
898	0	25.647	14.074	18.544	83.992	51.487	76.147
899	0	29.09	11.613	19.313	84.029	44.636	67.955
900	0	24.798	11.248	17.526	84.1	35.828	58.92
901	9	23.064	11.565	17.47	84.2	63.485	78.816
902	24	23.4	13.064	17.044	84.551	76.271	80.751
903	72	26.085	14.792	17.505	85.044	74.685	81.619
904	16	22.729	15.581	17.722	84.098	77.107	81.146
905	0	15.629	12.122	13.759	85.613	78.561	81.015
906	0	26.916	11.467	17.666	85.381	39.769	67.625
907	0	27.161	8.916	17.934	83.443	38.262	65.899
908	15	22.226	9.706	16.205	83.886	70.292	77.685
909	2	17.582	11.224	14.542	85.836	77.351	80.746
910	0	25.016	9.213	15.662	85.04	46.172	72.598
911	3	27.014	6.179	16.768	84.474	29.303	67.063
912	0	26.769	14.122	20.613	82.672	62.025	75.977
913	6	31.357	18.58	23.178	82.497	59.174	76.157
914	0	28.891	14.385	20.717	83.224	37.569	64.18
915	0	29.165	9.608	19.291	83.835	39.938	64.107
916	0	31.765	14.745	22.221	83.165	48.196	70.97
917	12	28.866	15.557	21.075	81.745	42.272	68.803
918	0	27.899	9.829	18.657	83.789	38.621	67.213
919	0	28.196	15.772	21.527	82.996	45.91	68.879
920	0	30.041	11.686	21.072	83.052	45.152	68.641
921	2	31.535	19.151	23.54	82.701	57.702	74.858
922	8	29.29	19.222	23.237	82.278	64.382	73.196
923	0	25.817	14.242	20.899	83.954	48.865	69.41
924	0	26.378	11.224	18.045	83.603	43.799	66.898
925	0	24.074	9.336	17.222	83.72	46.567	70.716
926	0	27.259	14.553	20.355	84.096	46.48	69.327
927	0	32.33	13.088	22.445	84.138	34.535	66.581
928	0	34.15	17.13	25.575	81.687	47.477	67.51
929	16	29.09	19.984	24.48	82.044	69.249	75.986
930	0	35.022	19.222	24.889	81.326	34.959	67.738
931	0	35.022	17.153	25.699	81.765	49.335	68.896
932	3	34.995	21.079	27.913	82.749	39.587	69.039
933	0	29.515	19.008	23.447	84.317	57.046	74.935
934	0	33.73	18.461	24.25	82.075	49.568	71.484
935	34	27.653	17.867	21.506	82.925	70.881	76.049
936	0	28.593	17.225	21.672	82.764	43.638	68.106
937	0	25.817	14.625	19.555	83.181	48.527	69.212
938	0	22.848	9.213	17.84	83.296	70.183	77.035
939	1	28.171	19.484	23.309	82.713	70.333	76.091
940	17	40.142	17.796	26.257	83.103	33.693	60.844
941	0	0	0	0	0	0	0
942	1	0	0	0	0	0	0
